fitness : 12409.6
selection pressure : 3.5
crossover parameter : 0.6
mutation parameter : 0.1
population : 1000
generation : 10000
60
61
55
58
67
66
65
150
177
172
163
64
162
104
62
49
56
80
44
41
72
70
71
57
37
36
40
39
22
21
15
214
212
205
216
217
219
228
230
194
195
225
236
251
148
130
131
145
146
266
264
19
17
73
74
112
113
114
116
117
167
170
171
168
128
125
154
153
137
147
133
132
134
136
203
181
182
179
202
275
273
246
210
211
193
271
0
174
158
144
140
139
1
270
272
274
278
244
237
235
209
208
2
4
5
6
241
242
252
263
261
253
255
250
231
229
259
258
200
199
197
204
207
257
262
256
254
11
223
218
213
206
260
7
166
186
187
185
196
155
152
142
141
38
46
123
54
53
51
48
32
31
25
26
27
29
28
18
20
16
14
12
10
8
276
277
3
13
119
188
165
215
224
226
227
232
233
247
249
243
240
239
234
248
110
81
78
89
198
201
180
178
176
175
265
43
82
87
79
169
107
102
9
30
42
33
109
90
103
111
45
126
173
143
23
24
47
34
35
164
75
76
92
93
96
100
101
161
160
151
129
127
121
120
124
268
269
279
245
238
222
221
220
192
191
190
189
184
183
50
97
98
99
95
94
59
77
85
86
106
105
159
157
63
52
68
69
83
115
108
91
88
84
135
118
156
122
138
149
267
