fitness : 13032.9
selection pressure : 4
crossover parameter : 0.7
mutation parameter : 0.2
population : 500
generation : 10000
time : 2188.69
177
157
150
126
13
253
256
203
202
198
197
196
193
226
211
206
208
277
247
276
279
228
217
251
252
259
264
98
103
130
131
254
227
245
233
230
268
269
261
214
222
231
239
244
241
242
235
34
48
35
26
31
27
32
33
44
37
46
66
122
141
147
137
143
178
154
192
265
134
104
106
97
94
99
100
70
71
75
1
2
60
55
49
47
135
267
250
236
232
221
220
270
132
153
125
174
80
81
257
12
30
29
151
119
121
158
159
118
105
115
82
109
89
79
76
67
68
86
88
116
117
163
165
167
169
170
171
180
186
190
266
258
240
238
237
224
223
255
260
273
275
274
243
278
249
246
229
213
205
199
195
191
188
168
101
114
113
74
108
95
96
93
92
73
72
54
53
51
50
58
57
40
42
41
39
38
84
83
61
59
155
140
145
142
139
184
189
187
77
6
7
9
10
8
272
133
20
17
78
112
110
36
24
218
3
0
18
194
200
148
149
271
127
129
123
45
52
63
69
225
138
176
181
175
28
182
15
23
25
19
212
209
248
4
5
11
22
124
128
14
21
16
234
201
219
216
215
210
207
144
91
85
43
56
62
65
64
87
107
111
120
90
102
136
262
263
179
185
146
204
152
183
173
156
160
161
172
166
162
164
