fitness : 13413.8
selection pressure : 4
crossover parameter : 0.6
mutation parameter : 0.2
population : 500
generation : 10000
time : 1912.99
252
249
250
262
264
67
68
69
109
116
144
145
142
178
179
163
189
186
188
190
191
43
53
51
170
171
165
147
137
135
129
131
136
265
279
275
274
181
159
134
139
26
176
158
146
140
199
195
194
173
80
111
112
115
117
6
247
277
7
256
257
260
246
239
235
241
231
207
193
266
268
227
216
221
232
237
230
242
254
272
271
270
261
128
125
61
66
71
77
86
82
30
32
31
153
154
155
150
18
123
120
84
83
89
105
160
107
169
174
162
236
70
62
63
60
48
29
13
17
16
64
225
0
1
4
5
203
251
255
248
218
222
276
8
118
209
208
213
206
211
205
204
196
200
201
202
223
226
245
228
238
244
240
243
278
10
9
14
197
184
54
57
58
59
267
220
15
217
219
229
224
214
258
273
132
152
2
130
127
234
233
3
263
269
20
161
37
25
138
141
210
148
198
177
149
108
106
65
81
90
55
74
72
91
94
92
93
11
12
259
121
122
124
126
133
23
33
34
35
49
52
56
75
85
78
95
98
172
183
180
175
182
192
119
157
156
19
212
143
151
27
28
24
21
103
114
113
110
88
87
168
36
38
39
40
47
44
45
50
22
41
46
42
73
79
76
96
97
166
167
99
100
102
104
101
164
187
185
215
253
