13465.8
68
73
65
112
115
86
94
74
71
70
205
211
221
220
137
133
132
25
181
178
193
195
194
190
189
188
170
168
184
175
182
186
185
183
187
197
198
212
218
226
260
231
225
279
278
243
237
234
233
224
223
216
229
245
250
249
246
240
196
122
117
116
113
87
75
79
78
57
58
155
177
6
139
134
34
91
77
90
89
163
164
111
108
107
105
106
104
102
2
7
5
13
123
42
47
76
172
173
270
26
20
18
14
129
154
40
53
46
44
54
55
61
63
85
110
109
114
101
97
98
15
121
41
64
66
23
31
39
145
146
157
161
162
192
166
135
136
148
12
16
17
191
201
257
277
252
276
273
266
268
263
264
254
215
217
214
209
208
251
222
219
4
0
267
207
199
176
32
9
248
247
29
30
28
127
124
180
159
120
158
156
59
88
93
80
81
82
83
69
67
51
50
49
48
151
27
10
8
103
99
100
92
62
35
37
38
36
149
160
144
179
174
147
200
143
3
213
255
275
242
244
238
239
258
274
1
253
227
228
230
235
236
232
241
256
33
153
142
140
269
19
21
259
150
152
165
171
169
167
96
95
130
11
22
210
203
265
272
52
202
141
138
125
126
24
131
72
84
43
45
56
60
118
119
128
204
261
262
206
271
