fitness : 14012
selection pressure : 3
crossover parameter : 0.7
mutation parameter : 0.2
population : 500
generation : 10000
time : 2252.19
157
176
163
170
182
191
187
188
189
190
193
195
136
154
6
130
128
125
122
126
143
146
185
178
148
137
121
199
142
17
251
270
240
229
228
1
2
5
131
132
52
48
49
50
53
262
273
275
274
260
20
114
82
43
39
166
169
35
210
144
135
141
194
218
222
223
246
278
30
206
261
253
254
255
259
267
268
149
139
129
11
204
203
197
145
134
133
150
151
155
177
158
271
152
140
202
213
56
65
102
69
70
92
90
79
85
120
175
119
73
72
71
110
111
83
76
45
44
37
40
41
33
31
24
36
29
32
23
14
7
12
13
0
231
226
147
138
277
250
244
239
248
279
207
196
211
86
227
242
247
15
258
257
272
264
19
266
22
252
10
186
161
172
181
265
234
256
3
249
245
238
241
230
236
237
243
221
220
215
209
205
225
208
216
212
4
9
276
263
8
21
201
217
224
16
269
18
38
116
84
80
74
81
97
112
75
183
160
127
162
184
167
173
106
103
99
34
67
68
93
96
95
89
91
94
58
156
100
101
98
168
171
25
27
28
26
42
107
105
46
66
47
57
51
59
60
153
164
165
192
200
219
214
235
233
232
198
54
55
61
63
62
64
77
78
104
87
88
109
174
180
179
108
113
115
118
117
159
123
124
