fitness : 14852.1
selection pressure : 3
crossover parameter : 0.7
mutation parameter : 0.2
population : 500
generation : 5000
time : 1231.42
219
206
144
231
244
34
32
42
39
38
31
127
126
159
79
91
100
83
81
85
82
97
92
80
64
99
263
267
174
154
128
52
50
48
62
63
40
25
24
16
266
26
37
36
27
28
150
49
75
169
196
142
185
162
163
132
133
125
123
120
116
115
61
278
277
207
208
272
260
229
214
103
114
84
43
45
47
57
54
65
67
72
76
66
70
68
69
74
148
147
145
268
273
270
259
274
271
139
136
135
146
6
15
130
121
118
21
165
167
265
202
191
189
188
96
93
105
106
164
184
170
166
138
157
140
243
241
240
242
11
261
269
262
129
30
29
156
2
4
111
104
77
55
41
71
73
78
98
44
46
112
110
87
88
86
102
101
94
171
204
216
113
117
119
178
187
180
176
10
239
190
192
186
155
175
172
179
181
183
0
227
228
17
18
232
235
226
217
149
137
143
153
122
51
53
19
225
209
194
249
247
256
1
252
210
198
200
203
212
215
255
257
275
258
254
248
246
230
245
250
251
211
173
168
109
89
108
3
220
221
107
151
182
197
195
264
134
276
279
13
160
158
60
20
23
22
14
5
12
7
237
238
224
233
218
213
193
177
205
8
9
253
236
234
223
222
201
199
95
90
56
59
58
33
35
124
131
141
152
161
