fitness : 15934.3
selection pressure : 3
crossover parameter : 0.8
mutation parameter : 0.05
population : 100
generation : 10000
time : 446.748
123
168
98
97
77
76
71
116
84
167
169
190
187
186
185
188
163
166
173
165
171
192
176
181
191
204
220
199
217
147
68
87
104
108
99
95
93
151
153
17
275
136
265
213
256
268
266
274
54
57
55
143
193
257
215
236
237
243
240
259
229
239
228
155
178
208
206
170
184
183
189
180
196
197
222
254
244
261
262
273
260
251
221
218
219
234
233
127
45
48
69
85
111
86
107
162
78
100
102
90
113
92
91
81
75
60
46
41
53
64
72
73
110
157
118
156
211
247
252
212
142
139
270
201
150
120
42
39
43
117
40
125
124
138
230
224
223
200
164
195
175
172
159
62
6
12
14
13
269
18
253
238
241
272
29
4
246
278
7
198
225
214
1
121
47
38
58
65
22
30
44
36
34
32
122
129
140
194
135
66
94
88
80
74
128
126
52
51
67
79
82
83
226
0
3
279
258
242
245
248
232
235
209
227
2
179
255
263
89
96
101
103
112
109
152
154
137
146
203
210
250
205
276
231
182
174
161
130
141
202
148
119
28
27
26
35
23
21
271
145
133
59
63
25
37
50
49
207
9
149
264
144
115
267
5
70
61
160
134
8
277
10
11
15
16
19
20
24
31
114
105
106
158
33
131
56
177
132
216
249
