fitness : 16114
selection pressure : 3
crossover parameter : 0.8
mutation parameter : 0.1
population : 100
generation : 10000
time : 434.363
165
106
179
143
193
6
277
32
128
150
146
138
172
115
58
53
50
49
101
171
181
120
133
266
178
196
218
222
253
255
29
97
96
93
83
87
84
73
62
65
74
66
116
86
166
92
112
107
111
71
61
47
46
55
57
45
69
56
72
76
88
90
102
187
204
261
5
228
226
246
194
190
182
113
114
94
82
78
89
44
70
0
263
210
276
147
137
24
22
268
231
230
211
209
144
9
242
249
250
267
7
274
259
220
216
217
227
238
279
275
260
265
270
247
236
225
252
11
13
25
108
167
141
156
180
175
163
170
168
81
99
103
26
126
130
139
98
79
140
153
169
213
219
245
278
240
272
258
201
198
177
161
75
188
186
151
148
16
152
64
110
95
68
67
63
41
124
59
117
77
91
80
85
109
145
221
254
205
154
18
28
31
33
15
243
237
232
142
248
208
273
127
121
135
1
271
262
256
184
195
2
3
224
235
239
241
4
48
21
14
27
123
122
164
191
100
131
264
189
185
162
158
159
192
223
251
233
229
207
244
203
197
199
202
129
105
119
30
54
37
38
36
104
157
118
23
269
8
12
136
215
212
214
234
257
10
174
160
17
19
35
34
51
60
125
155
173
176
183
200
42
43
20
52
39
40
149
132
134
206
