fitness : 16834.3
selection pressure : 3
crossover parameter : 0.8
mutation parameter : 0.1
population : 100
generation : 1000
time : 45.429
162
160
62
52
41
274
277
247
237
227
222
216
218
213
181
151
188
191
167
164
49
40
190
186
185
175
144
143
249
244
232
211
205
234
220
201
198
196
59
86
113
123
136
195
187
172
173
184
135
132
189
200
226
243
230
240
257
253
256
260
262
273
271
254
241
267
272
258
165
161
156
115
110
112
55
70
276
251
235
228
21
11
45
44
183
209
204
225
1
261
268
193
199
221
206
242
223
0
278
263
250
5
229
231
214
238
248
207
203
202
178
158
194
20
32
63
94
54
179
174
208
67
80
197
111
139
142
176
180
98
91
101
107
88
93
109
114
163
128
125
50
56
124
19
27
30
26
154
157
182
155
28
38
149
152
147
140
14
13
129
133
138
137
134
120
58
76
100
118
119
170
169
84
150
177
10
16
148
17
18
116
81
87
95
96
99
102
104
31
79
171
166
6
2
74
53
108
82
37
33
39
266
264
269
275
279
245
239
252
24
25
236
233
3
270
145
146
29
34
61
68
78
65
66
73
69
47
141
7
4
23
192
219
8
9
15
12
130
131
265
22
43
51
48
46
42
71
77
89
168
105
92
90
64
35
36
85
83
106
210
255
215
217
246
224
212
259
57
153
122
60
103
72
75
97
121
127
117
159
126
