fitness : 2814.69
selection pressure : 3
crossover parameter : 0.7
mutation parameter : 0.2
population : 100
generation : 53240
time : 0
2
279
0
1
241
242
247
248
249
246
244
243
240
239
245
238
237
236
235
234
233
232
231
230
250
229
228
227
226
225
224
223
222
221
220
219
218
217
216
215
214
213
212
211
210
209
208
207
206
205
204
203
202
201
199
143
142
141
140
147
146
145
144
198
197
200
195
194
193
196
192
191
190
189
188
187
186
185
184
183
182
181
180
179
178
175
157
158
159
174
173
160
161
162
163
164
165
166
167
99
100
168
169
171
170
172
105
106
107
103
104
102
101
91
98
97
96
95
94
93
92
90
89
108
109
110
111
112
113
114
115
86
87
82
81
88
80
79
78
77
76
74
75
73
72
71
83
84
85
64
63
65
66
70
69
68
67
57
56
55
54
53
52
51
50
49
48
47
46
45
44
43
58
62
61
116
117
60
59
42
41
40
39
38
34
37
36
35
33
32
31
30
29
124
123
122
121
120
119
118
156
150
176
177
149
148
138
139
137
136
151
155
152
154
153
128
129
20
127
126
125
28
27
26
25
21
24
22
23
18
19
130
131
132
17
16
15
269
133
268
134
135
267
266
265
264
263
262
261
256
253
252
251
254
255
257
258
259
260
273
272
271
270
14
13
12
11
10
9
7
6
8
274
275
276
5
4
3
278
277
