fitness : 2771.59
selection pressure : 3
crossover parameter : 0.7
mutation parameter : 0.2
population : 100
generation : 1e+06
time : 19676.9
68
67
66
65
64
63
62
61
117
60
59
42
41
40
39
38
47
46
45
44
43
58
57
56
55
54
53
52
51
50
49
48
37
36
35
34
33
32
31
30
28
27
26
25
21
24
22
23
16
17
18
19
20
129
130
131
132
133
134
269
268
267
135
136
266
264
263
262
261
257
258
260
259
275
274
273
272
271
270
15
14
13
12
11
10
9
8
7
6
5
4
3
276
277
278
2
279
0
1
241
242
243
240
239
238
237
230
245
244
246
247
248
255
256
253
252
251
254
249
250
229
228
227
232
231
236
235
234
233
226
225
224
223
222
221
220
219
218
217
216
215
214
213
212
211
210
209
208
207
206
205
204
203
202
201
199
200
195
194
193
196
197
198
144
143
142
145
146
141
140
139
265
137
138
147
148
149
178
179
180
181
182
183
184
186
185
192
191
190
189
188
187
163
164
165
166
167
171
170
169
168
100
99
98
97
96
95
94
77
76
78
93
92
79
80
88
87
86
112
113
110
111
109
107
108
89
90
91
101
102
103
104
106
105
172
173
162
161
160
174
159
158
175
176
177
150
151
155
152
154
153
128
127
126
125
29
124
123
122
121
120
119
118
156
157
116
114
115
85
84
83
82
81
75
74
73
72
71
70
69
