fitness : 2810.59
selection pressure : 3
crossover parameter : 0.7
mutation parameter : 0.2
population : 100
generation : 1e+06
time : 18974.4
67
68
69
66
63
64
65
70
71
72
73
75
74
76
77
78
79
80
88
81
87
111
110
109
107
108
89
90
91
92
93
94
95
96
97
98
99
167
166
165
164
163
162
171
170
169
168
100
101
102
103
104
105
106
172
173
161
160
174
159
158
157
156
118
119
150
176
175
180
181
182
179
178
146
145
144
143
199
198
197
196
192
185
183
184
186
187
188
189
190
191
193
194
195
200
201
202
203
142
141
140
139
265
264
263
262
268
269
15
270
271
272
273
274
275
259
260
261
258
257
256
255
248
247
246
249
250
229
228
227
210
209
208
251
254
253
252
207
206
205
204
211
212
213
214
215
216
217
218
219
220
221
222
223
224
225
226
233
234
235
232
231
236
237
230
245
238
239
244
243
240
242
241
1
0
279
2
278
277
276
3
4
5
6
7
8
9
10
11
14
12
13
23
22
24
21
25
26
27
28
125
126
127
128
129
20
19
130
131
18
17
16
132
133
134
135
267
266
136
137
138
147
148
149
177
151
155
152
154
153
120
121
122
123
124
29
30
31
32
33
34
35
36
49
50
51
52
53
54
55
44
45
46
47
48
37
38
39
40
41
42
59
60
117
116
114
113
112
86
82
83
84
85
115
61
62
58
43
56
57
