fitness : 2899.69
selection pressure : 3
crossover parameter : 0.7
mutation parameter : 0.2
population : 200
elite proportion : 0.2
generation : 320899
time : 12292.5
227
228
232
231
230
229
250
249
246
247
248
254
255
257
258
259
260
261
262
256
253
252
251
208
209
210
213
214
217
218
221
220
219
216
215
212
211
206
207
205
204
203
202
201
200
199
143
142
141
146
145
144
198
197
196
195
194
193
192
191
190
189
185
186
188
187
164
163
162
184
183
182
161
160
173
172
171
170
165
166
167
168
169
105
106
104
107
109
108
88
89
103
102
101
100
99
98
97
96
95
94
93
92
91
90
79
78
80
81
87
111
110
113
112
86
85
115
114
116
117
61
62
63
64
65
84
83
82
75
77
76
74
73
72
71
70
69
66
68
67
57
58
43
56
55
44
45
54
53
52
51
50
49
36
35
32
31
30
29
33
34
38
37
48
47
46
39
40
41
42
59
60
119
120
152
155
151
118
156
157
158
159
174
181
180
179
178
175
176
150
177
149
148
147
140
139
138
137
265
264
263
267
266
136
135
134
268
269
133
132
16
17
18
131
130
19
129
20
127
128
153
154
121
122
123
124
125
126
28
27
26
25
21
24
22
23
13
12
11
10
14
15
270
271
272
273
274
275
8
9
7
6
5
4
3
276
277
278
2
279
0
1
241
242
243
240
239
244
245
238
237
236
235
234
233
223
222
224
225
226
