fitness : 2745.49
selection pressure : 3
crossover parameter : 0.7
mutation parameter : 0.2
population : 100
elite proportion : 100000
generation : 0.2
time : 1996.86
38
34
35
33
32
31
30
28
27
26
25
21
24
22
23
13
12
14
11
10
9
7
8
6
5
4
0
1
279
2
278
277
3
276
275
274
273
272
271
270
15
269
268
267
266
265
137
136
135
134
133
16
17
132
131
18
19
130
129
128
20
127
126
125
29
124
123
122
121
120
153
154
152
155
151
119
118
156
157
158
159
174
173
106
105
172
163
162
161
160
181
182
183
184
186
185
192
196
197
198
199
143
144
145
142
141
140
147
146
178
179
180
175
176
150
177
149
148
138
139
264
263
262
261
260
259
258
257
256
253
252
207
208
251
254
255
248
247
246
249
250
229
228
227
232
231
230
245
244
243
242
241
240
239
238
237
236
235
234
233
226
225
224
223
222
221
220
219
218
217
216
215
214
213
212
211
210
209
206
205
204
203
202
201
200
195
194
193
191
190
189
188
187
164
165
166
167
170
171
169
168
101
100
99
98
91
90
89
88
108
103
102
104
107
109
110
113
114
116
115
112
111
87
86
85
84
83
82
81
80
78
79
93
92
97
96
95
94
77
76
75
74
73
72
71
70
69
68
67
66
65
64
63
62
61
117
60
59
42
41
40
39
46
45
44
43
58
57
56
55
54
53
52
47
48
51
50
49
36
37
