fitness : 6741.33
selection pressure : 3
crossover parameter : 0.7
mutation parameter : 0.2
population : 200
elite proportion : 1000
generation : 0.2
time : 64.4805
188
190
191
194
196
200
195
199
223
208
213
217
212
211
210
226
241
246
232
237
250
245
248
243
242
228
209
203
202
201
198
197
192
148
138
143
142
141
144
146
149
123
121
119
128
131
16
15
11
10
14
13
12
8
6
5
7
9
17
18
19
21
24
25
26
23
270
273
275
274
272
271
259
214
147
145
140
268
266
137
139
136
258
251
205
206
215
218
220
225
234
227
224
222
221
216
253
255
276
279
1
2
4
3
277
0
247
239
249
231
230
236
238
235
233
229
244
240
278
260
262
261
154
120
122
125
38
34
32
31
30
126
28
27
22
132
20
127
129
130
133
134
135
153
124
35
47
36
39
40
41
42
43
56
59
116
117
115
114
62
82
112
90
172
165
166
169
162
163
184
183
173
104
106
171
107
109
74
72
65
66
84
69
71
67
50
37
33
29
269
267
265
264
263
252
257
256
254
207
204
219
193
180
175
174
164
189
181
185
186
187
160
161
182
156
155
176
152
151
150
177
178
179
157
118
158
159
105
100
99
89
88
96
86
83
70
68
49
45
44
60
61
81
110
111
87
58
55
57
53
52
46
51
48
54
63
113
64
85
73
77
75
79
91
93
76
108
102
101
98
92
95
94
80
78
97
168
167
170
103
