fitness : 9326.38
selection pressure : 3
crossover parameter : 0.7
mutation parameter : 0.2
population : 200
elite proportion : 0.2
generation : 360
time : 27.4779
109
98
96
78
77
74
115
81
88
89
106
86
174
192
203
222
217
218
224
206
267
272
131
128
121
50
53
43
229
247
254
246
230
250
234
244
237
243
236
232
231
235
245
240
228
233
208
251
210
226
209
259
275
4
2
1
248
16
21
17
15
22
23
147
179
152
155
122
30
29
158
157
180
181
198
143
201
197
191
193
145
141
266
138
264
262
277
257
255
263
253
256
258
260
261
205
215
200
190
187
166
91
163
0
3
5
7
9
6
8
13
11
14
10
12
135
146
133
268
139
129
19
20
25
24
27
28
35
36
48
52
49
136
137
148
183
170
159
182
184
194
196
220
216
202
204
227
252
207
276
278
279
18
270
274
273
271
242
239
241
249
238
225
223
221
212
213
219
214
211
199
195
189
188
173
172
185
186
168
101
103
100
95
92
102
104
105
165
171
169
162
178
26
125
154
127
269
265
142
144
175
160
164
150
134
153
130
126
124
120
151
132
140
177
118
61
57
51
44
60
117
85
73
75
87
72
56
47
31
123
32
34
38
55
39
40
45
42
41
33
37
46
54
59
63
64
116
76
82
66
67
68
69
58
65
93
80
113
62
83
90
94
97
167
99
108
114
110
112
111
119
156
149
70
71
84
161
176
79
107
