fitness : 2733.86
selection pressure : 3
crossover parameter : 0.7
mutation parameter : 0.2
population : 200
elite proportion : 0.2
generation : 100000
time : 4033.47
167
170
171
169
168
100
99
98
97
92
93
96
95
94
77
76
74
73
72
71
70
69
68
67
66
65
64
63
57
56
55
54
53
52
51
50
49
48
47
46
45
39
38
37
36
35
34
33
32
31
30
29
28
27
26
25
21
24
22
23
13
14
12
11
10
9
7
8
6
5
4
0
1
279
2
278
3
276
275
274
273
272
271
270
15
16
17
132
131
18
19
20
130
129
128
127
126
125
124
123
122
121
153
154
152
155
151
150
177
176
175
179
178
149
148
138
147
146
145
144
143
142
141
140
139
265
137
136
135
134
133
269
268
267
266
264
263
262
261
260
259
258
257
256
255
277
247
248
249
250
229
228
227
232
231
230
245
244
246
243
242
241
240
239
238
237
236
235
234
233
226
225
224
223
222
221
220
219
216
218
217
214
215
212
211
213
210
209
208
251
254
253
252
207
206
205
204
203
202
201
199
198
197
200
195
194
193
196
192
191
190
189
188
187
186
185
184
183
182
181
180
174
159
158
157
156
118
119
120
60
59
42
41
40
44
43
58
62
61
117
116
114
115
85
84
83
82
81
87
111
86
112
113
110
109
108
89
88
80
75
78
79
90
91
101
102
103
107
104
105
106
172
173
160
161
162
163
164
165
166
