fitness : 2744.28
selection pressure : 3
crossover parameter : 0.7
mutation parameter : 0.2
population : 500
elite proportion : 0.2
generation : 503313
time : 0
83
82
81
88
108
89
90
91
102
101
100
99
98
97
96
95
94
93
92
79
80
78
77
76
75
74
73
72
71
70
69
68
67
66
65
84
64
63
62
61
58
57
56
43
44
55
54
45
53
46
47
52
51
50
49
48
37
36
35
32
31
30
28
27
26
25
21
24
22
23
13
12
14
11
10
9
7
8
6
5
4
276
3
0
1
279
2
278
277
247
248
255
257
256
253
254
251
252
207
208
209
210
229
250
249
246
244
243
242
241
240
239
238
245
230
237
236
235
234
233
232
231
228
227
226
225
224
223
222
221
220
219
218
217
216
215
214
213
212
211
206
205
204
203
202
201
200
199
143
142
145
144
198
197
196
195
194
193
192
191
190
189
188
187
186
185
184
183
182
181
180
179
178
175
176
177
149
148
147
146
141
140
139
138
137
136
135
134
133
269
268
267
266
265
264
263
262
261
260
258
259
275
274
273
272
271
270
15
16
17
132
131
18
19
130
129
20
127
126
125
128
153
154
152
155
151
150
156
118
119
120
121
122
123
124
29
33
34
38
39
40
41
42
59
60
117
116
115
85
86
112
113
114
157
158
159
174
160
161
162
163
164
165
166
167
168
169
171
170
172
173
106
105
104
103
107
109
110
111
87
