fitness : 2802.22
selection pressure : 3
crossover parameter : 0.7
mutation parameter : 0.2
population : 100
generation : 1e+06
time : 0
155
152
154
153
128
129
130
19
20
127
126
125
28
27
26
25
21
24
22
23
15
16
17
18
131
132
133
269
268
134
135
267
266
136
137
138
147
148
149
178
179
180
175
176
177
150
151
156
157
158
159
174
160
173
161
162
163
186
184
183
182
181
192
196
197
199
198
144
143
142
145
146
141
140
139
265
264
263
262
261
260
259
258
257
256
255
248
247
277
276
275
274
273
272
271
270
14
13
12
11
10
9
7
8
6
5
4
3
278
2
279
0
1
241
242
240
239
238
237
230
245
244
243
246
249
250
229
228
227
232
231
236
235
234
233
226
225
224
223
222
218
221
220
219
216
217
214
215
212
213
210
211
206
209
208
251
254
253
252
207
205
204
203
202
201
200
195
194
193
191
190
189
185
188
187
164
165
166
167
169
171
170
172
106
105
104
102
103
107
89
90
91
101
168
100
99
98
97
96
95
94
93
92
79
88
108
109
111
110
113
114
115
112
86
87
81
80
78
77
76
74
73
75
82
83
84
85
64
63
65
72
71
70
69
66
68
67
57
56
43
58
62
61
116
117
60
59
42
41
40
39
46
45
44
55
54
53
52
47
48
51
50
49
36
35
37
38
34
33
32
31
30
29
124
123
122
121
120
119
118
