fitness : 2857.46
selection pressure : 3
crossover parameter : 0.7
mutation parameter : 0.2
population : 100
generation : 1e+06
time : 20378
109
110
113
114
116
115
112
86
83
84
85
64
63
62
61
117
60
59
42
41
40
39
38
34
35
37
36
49
50
51
48
47
52
53
46
45
54
55
44
43
58
56
57
67
68
66
65
69
70
71
72
73
74
76
77
94
95
96
93
92
97
98
99
167
166
165
187
188
189
190
191
193
192
185
186
184
164
163
162
161
183
182
181
180
179
178
175
176
177
150
151
155
152
154
153
128
127
20
19
129
130
131
18
17
132
133
269
268
134
267
135
136
149
148
147
146
141
140
139
138
137
265
266
264
263
262
261
260
259
258
257
256
255
254
250
229
228
227
226
213
214
217
219
216
215
212
211
210
206
209
208
251
253
252
207
205
204
203
202
201
200
199
143
142
145
144
198
197
196
195
194
220
221
218
222
223
224
225
233
234
235
232
231
236
237
230
245
238
239
240
241
242
243
244
246
249
248
247
277
278
3
2
279
1
0
4
5
276
275
274
273
8
6
7
9
10
11
12
13
14
272
271
270
15
16
23
22
24
21
25
26
27
28
30
31
32
33
29
124
125
126
123
122
121
120
119
118
156
157
158
159
174
160
173
106
103
104
105
172
170
171
169
168
100
101
102
91
90
89
88
80
79
78
75
81
82
87
111
108
107
