fitness : 2742.87
selection pressure : 3
crossover parameter : 0.7
mutation parameter : 0.2
population : 200
elite proportion : 1e+06
generation : 0.2
time : 39665.1
158
157
156
118
176
175
180
179
178
148
149
177
150
151
155
152
154
153
119
120
121
122
123
124
29
30
31
28
27
26
25
21
24
22
23
13
14
12
11
10
9
8
7
6
5
4
0
1
279
2
3
276
275
274
273
272
271
270
15
16
17
18
19
20
127
126
125
128
129
130
131
132
133
269
268
134
267
135
136
266
264
263
262
261
260
259
258
257
256
255
277
278
247
248
254
253
252
251
207
208
209
210
213
226
227
228
229
250
249
246
244
243
242
241
240
239
238
245
230
237
236
231
232
235
234
233
225
224
223
222
221
220
218
219
216
217
214
215
212
211
206
205
204
203
202
201
200
199
143
142
141
140
139
265
137
138
147
146
145
144
198
197
196
195
194
193
192
191
190
189
188
187
186
185
184
183
182
181
160
161
162
163
164
165
166
167
170
171
169
168
101
100
99
98
97
96
95
94
93
92
91
90
89
88
80
79
78
77
76
75
74
73
72
71
70
69
68
67
66
65
84
64
63
62
61
58
57
56
43
44
55
54
45
46
53
52
47
48
51
50
49
36
37
35
32
33
34
38
39
40
41
42
59
60
117
116
114
113
112
115
85
86
83
82
81
87
111
110
109
108
107
103
102
104
106
105
172
173
174
159
