fitness : 12305.8
selection pressure : 3.5
crossover parameter : 0.6
mutation parameter : 0.2
population : 500
generation : 10000
107
112
99
100
110
127
130
253
254
257
259
272
247
249
244
235
232
241
248
239
226
258
276
278
279
243
236
237
221
220
177
171
169
96
95
94
76
67
63
72
75
77
79
92
116
114
105
164
172
174
161
166
165
146
141
20
19
271
273
255
250
229
209
267
266
199
198
144
143
138
59
32
31
128
129
123
122
120
118
108
101
0
214
218
219
225
227
228
1
277
275
261
230
217
212
215
186
187
192
201
202
207
222
224
233
245
256
260
58
57
54
53
52
45
44
47
48
35
33
38
28
24
50
51
43
60
86
98
117
115
111
87
55
163
175
179
184
157
158
159
162
182
200
193
194
191
190
153
176
22
4
14
205
238
39
40
34
136
137
139
109
93
30
29
135
269
268
265
156
9
21
23
131
27
10
26
121
74
154
151
6
246
231
234
203
208
178
155
18
16
134
167
170
196
197
223
213
3
2
12
274
262
132
133
17
148
147
140
149
152
41
168
119
264
263
25
270
126
125
124
37
36
84
78
102
103
90
113
66
61
180
145
195
142
251
252
204
206
211
216
240
242
5
15
11
7
8
160
150
106
173
183
181
189
188
185
210
13
42
46
49
104
97
91
68
69
70
83
85
89
80
81
82
73
71
64
56
62
65
88
